 1  248  
 3  246  
 3  245  
 4  246  
 5  249  
 7  248  
 7  249  
 9  250  
 9  247  
 10  248  
 11  246  
 12  247  
 13  245  
 14  249  
 15  245  
 16  248  
 18  251  
 18  222  
 19  162  
 21  0  
 21  0  
 22  6  
 23  151  
 24  250  
 25  377  
 26  504  
 28  607  
 28  716  
 30  826  
 30  878  
 31  886  
 32  871  
 33  868  
 34  824  
 35  713  
 36  697  
 37  699  
 38  697  
 39  699  
 40  696  
 41  695  
 42  696  
 43  697  
 44  696  
 45  695  
 46  699  
 47  697  
